name: capstone3.12
channels:
  - conda-forge
  - defaults
dependencies:
  - altair=5.3.0=pyhd8ed1ab_0
  - attrs=23.2.0=pyh71513ae_0
  - bzip2=1.0.8=h2bbff1b_6
  - ca-certificates=2024.3.11=haa95532_0
  - et_xmlfile=1.1.0=pyhd8ed1ab_0
  - expat=2.6.2=hd77b12b_0
  - importlib-metadata=7.1.0=pyha770c72_0
  - importlib_resources=6.4.0=pyhd8ed1ab_0
  - intel-openmp=2024.1.0=h57928b3_965
  - jinja2=3.1.3=pyhd8ed1ab_0
  - jsonschema=4.22.0=pyhd8ed1ab_0
  - jsonschema-specifications=2023.12.1=pyhd8ed1ab_0
  - libblas=3.9.0=22_win64_mkl
  - libcblas=3.9.0=22_win64_mkl
  - libexpat=2.6.2=h63175ca_0
  - libffi=3.4.4=hd77b12b_1
  - libhwloc=2.10.0=default_h2fffb23_1000
  - libiconv=1.17=hcfcfb64_2
  - liblapack=3.9.0=22_win64_mkl
  - libsqlite=3.45.3=hcfcfb64_0
  - libxml2=2.12.6=hc3477c8_2
  - libzlib=1.2.13=hcfcfb64_5
  - markupsafe=2.1.5=py312he70551f_0
  - mkl=2024.1.0=h66d3029_692
  - numpy=1.26.4=py312h8753938_0
  - openpyxl=3.1.2=py312he70551f_1
  - openssl=3.3.0=hcfcfb64_0
  - packaging=24.0=pyhd8ed1ab_0
  - pandas=2.2.2=py312h2ab9e98_0
  - pip=23.3.1=py312haa95532_0
  - pkgutil-resolve-name=1.3.10=pyhd8ed1ab_1
  - pthreads-win32=2.9.1=hfa6e2cd_3
  - python=3.12.3=h2628c8c_0_cpython
  - python-dateutil=2.9.0=pyhd8ed1ab_0
  - python-tzdata=2024.1=pyhd8ed1ab_0
  - python_abi=3.12=4_cp312
  - pytz=2024.1=pyhd8ed1ab_0
  - referencing=0.35.1=pyhd8ed1ab_0
  - rpds-py=0.18.0=py312hfccd98a_0
  - setuptools=68.2.2=py312haa95532_0
  - six=1.16.0=pyh6c4a22f_0
  - sqlite=3.45.3=h2bbff1b_0
  - tbb=2021.12.0=h91493d7_0
  - tk=8.6.13=h5226925_1
  - toolz=0.12.1=pyhd8ed1ab_0
  - typing-extensions=4.11.0=hd8ed1ab_0
  - typing_extensions=4.11.0=pyha770c72_0
  - tzdata=2024a=h04d1e81_0
  - ucrt=10.0.22621.0=h57928b3_0
  - vc=14.2=h21ff451_1
  - vc14_runtime=14.38.33130=h82b7239_18
  - vs2015_runtime=14.38.33130=hcb4865c_18
  - wheel=0.43.0=py312haa95532_0
  - xz=5.4.6=h8cc25b3_1
  - zipp=3.17.0=pyhd8ed1ab_0
  - zlib=1.2.13=hcfcfb64_5
